0.0 0.0 0.0 0.0 0.0 0.0 1000000.0
0.00644685427191 -0.154770504393 0.0887012542285 -0 -0 -0 10.0
-0.030594822511 -0.0891229637228 -0.136910836393 -0 -0 0.0 10.0
0.0633421094865 0.12993349983 0.0575473220084 -0 -0 -0 10.0
-0.181236748754 -0.183080523609 -0.146283426173 0.0 0.0 0.0 10.0
0.0414564046067 0.131912842907 0.233236736861 -0 0.0 -0 10.0
-0.0834157669594 0.110871273951 0.00237239740085 0.0 -0 -0 10.0
0.0506256075685 0.0139575517539 0.173358633301 -0 0.0 -0 10.0
0.00419482677931 -0.0310568795365 -0.051527870843 -0 -0 -0 10.0
0.134944301923 -0.0163205658653 0.0441572310107 0.0 -0 -0 10.0
-0.00032670027005 0.0484804218473 -0.156556079237 -0 -0 -0 10.0
0.00937437483646 0.0962221402893 -0.0210829513889 0.0 -0 -0 10.0
0.0350790723791 0.0614948076894 -0.0574240684127 0.0 -0 -0 10.0
0.000149294566859 0.0860094540747 0.0383600218433 0.0 0.0 0.0 10.0
0.129467672608 0.126728160581 -0.0363761292202 0.0 -0 -0 10.0
-0.145300805609 0.134502608717 0.0793276904418 0.0 0.0 -0 10.0
0.00972190660587 -0.0133330685091 0.04945740825 0.0 0.0 0.0 10.0
0.0656718556836 -0.192721831658 -0.106559292994 0.0 -0 0.0 10.0
-0.0542000553232 -0.039911943895 0.0175058613632 0.0 0.0 -0 10.0
0.00646425073503 -0.12734924783 -0.171085492567 -0 -0 -0 10.0
0.0226604788058 -0.095399128681 0.0588762665515 0.0 0.0 0.0 10.0
-0.0190766803613 0.0480644418202 -0.0828420219859 -0 0.0 -0 10.0
0.0606549286074 -0.0416081039691 0.0902079836933 -0 -0 0.0 10.0
0.135699972367 -0.0718773226258 0.0505843827326 0.0 0.0 0.0 10.0
-0.181485118199 -0.0193566301197 -0.0646054276355 -0 -0 0.0 10.0
0.0185280555695 0.0984209092887 -0.0186174573671 0.0 -0 0.0 10.0
-0.0816044257167 0.0596681464543 0.0880194282638 -0 -0 0.0 10.0
0.0434059043417 -0.0914057494751 0.117930272487 -0 0.0 0.0 10.0
0.0663780655013 0.073574801741 0.04684463874 0.0 -0 -0 10.0
-0.0436867723611 0.0792105284456 0.0773914811055 -0 -0 -0 10.0
-0.0516182053979 0.0516226767796 0.0663335253273 0.0 0.0 0.0 10.0
0.00561828960048 -0.0191867649207 0.0685162161171 0.0 0.0 -0 10.0
0.157668414359 -0.0607253116335 0.0959478911211 -0 -0 0.0 10.0
0.0822336885821 -0.0835126593613 0.105933992775 0.0 0.0 -0 10.0
-0.142080840586 -0.203310788173 -0.0697287507719 0.0 0.0 0.0 10.0
-0.0986504146318 -0.109508307447 -0.0235076143477 -0 0.0 0.0 10.0
0.138942006377 -0.115533640524 -0.101819618362 0.0 0.0 0.0 10.0
0.0248179656704 0.136934685027 0.197310333816 -0 0.0 -0 10.0
0.0132426913308 0.055626345193 0.201015336173 0.0 0.0 0.0 10.0
-0.0673008886335 0.0960997976804 -0.0698634895463 -0 -0 0.0 10.0
-0.015578229886 -0.0925350718515 0.0152402553168 -0 0.0 0.0 10.0
-0.0096175447321 0.0301129005868 -0.0783134015532 -0 0.0 -0 10.0
-0.153261845034 -0.0052452471555 0.0146783001609 -0 -0 -0 10.0
0.0850873152848 0.00754829967312 -0.0233468166209 -0 0.0 0.0 10.0
0.0360496600396 -0.0929358323709 0.223312248289 -0 -0 0.0 10.0
-0.0388359274249 -0.143549492071 -0.00420400874287 -0 -0 -0 10.0
-0.0614362146162 0.0690602814239 -0.0950541026724 -0 0.0 0.0 10.0
-0.0246563589028 0.108172373365 0.0965712927485 0.0 0.0 -0 10.0
-0.0768441804901 0.0098644458746 -0.00379947462262 0.0 0.0 0.0 10.0
-0.0636340548327 0.0105949085844 -0.0197714827009 -0 0.0 0.0 10.0
-0.160623933741 0.200925899139 0.0962520094792 0.0 -0 -0 10.0
0.109518698578 0.00367246592874 0.00269517747063 -0 -0 -0 10.0
-0.0490527948308 -0.0516135288801 0.0354623531465 -0 0.0 -0 10.0
0.00847662916028 0.0486162174828 -0.0250516791238 0.0 0.0 0.0 10.0
-0.1064882703 -0.0840674022262 -0.0350315977185 -0 -0 -0 10.0
-0.0904568716999 -0.0276113164552 -0.109766529492 -0 0.0 0.0 10.0
0.0736284409117 -0.160877187235 0.0676407256049 0.0 -0 -0 10.0
-0.0839199894931 -0.086780666342 -0.0570763391364 0.0 -0 -0 10.0
-0.0804965844311 0.00216199571712 0.0608300575072 -0 0.0 -0 10.0
0.016243831428 0.171185715573 0.0386678079705 -0 -0 0.0 10.0
0.0191073703501 -0.0793387506314 0.149998287727 0.0 0.0 -0 10.0
0.0424212406847 -0.00471697209713 0.0869907586238 -0 -0 0.0 10.0
-0.109977316096 -0.0204053380321 0.0212969761962 -0 0.0 0.0 10.0
0.0358814539348 0.0786602945469 0.0279411192116 0.0 0.0 -0 10.0
-0.127300705603 0.0158327122855 0.125273640371 -0 0.0 0.0 10.0
0.057643578204 0.00632575998786 -0.00868632047953 0.0 0.0 -0 10.0
0.106486115308 -0.00966347455396 -0.0281048777862 -0 -0 -0 10.0
-0.152277531409 -0.0039519656784 0.182533817387 0.0 -0 -0 10.0
-0.0273803797521 0.10914423147 0.0977815920741 -0 -0 -0 10.0
-0.12270736837 0.0266502679306 -0.00177293197921 0.0 0.0 0.0 10.0
-0.0823893435431 0.159223302616 0.104046383818 -0 0.0 0.0 10.0
0.0254285629839 0.0915984867508 -0.0552715022662 -0 0.0 -0 10.0
0.146820003485 0.23752965177 0.0541974901258 0.0 -0 -0 10.0
-0.0205987612469 0.152982444693 -0.121683154863 -0 0.0 -0 10.0
0.0555523808131 0.118752322696 0.054435920472 -0 0.0 -0 10.0
0.0325395439374 0.206264443348 0.0522263162853 -0 0.0 -0 10.0
0.0901362394219 -0.0241837962587 -0.289183802812 0.0 0.0 -0 10.0
-0.118127614669 0.0238987737638 0.0470051518073 0.0 0.0 0.0 10.0
0.0129336383185 0.0942013999424 0.129217928359 0.0 -0 -0 10.0
0.00437753746238 -0.164613194903 -0.0841325455551 -0 -0 0.0 10.0
0.129667141233 0.0414933266059 0.108565503435 0.0 -0 0.0 10.0
0.00448128671449 -0.0280335849 0.143249719643 0.0 -0 0.0 10.0
-0.0692782467336 0.0250953923349 0.0129082094073 0.0 -0 0.0 10.0
0.172839105707 0.133854137107 0.0572711248629 -0 -0 0.0 10.0
0.0939068513057 -0.166785234857 -0.0408519005784 -0 0.0 0.0 10.0
-0.0182697060248 -0.0592155229809 0.252992010809 -0 0.0 -0 10.0
-0.257197134235 0.0480173176191 -0.114079187664 -0 0.0 0.0 10.0
0.0350021713651 0.0823074894028 0.324588961624 -0 0.0 0.0 10.0
-0.168653223304 0.124656078053 0.056115675958 -0 0.0 0.0 10.0
-0.0631466489911 0.130077205373 0.0596997911442 0.0 0.0 -0 10.0
0.0996390341173 -0.143493112351 -0.0427643928807 0.0 0.0 -0 10.0
-0.0287003798901 -0.0706422311942 0.102201927296 -0 -0 0.0 10.0
-0.0413071130571 -0.072150869875 -0.05714893143 0.0 0.0 0.0 10.0
0.0164443526221 0.0291666484871 0.036635420483 -0 0.0 -0 10.0
-0.0273983141101 0.0724089843043 -0.0590007429389 -0 0.0 0.0 10.0
0.00639618718446 -0.0908494691782 -0.170148712707 0.0 0.0 -0 10.0
-0.141410707265 0.0616373421834 0.0223290477951 0.0 0.0 0.0 10.0
0.131424193024 0.0676629099147 -0.0535663632149 0.0 0.0 0.0 10.0
0.0407907170919 0.185798842965 0.024498828771 -0 0.0 -0 10.0
0.0233459951574 0.151632645078 0.0405144961763 -0 0.0 0.0 10.0
-0.00933781085743 -0.122852827821 0.107669599522 -0 0.0 0.0 10.0
-0.0204776805781 0.0057831807899 -0.0108586118309 -0 0.0 -0 10.0
0.153464835897 -0.0809982048189 -0.105955643386 -0 0.0 -0 10.0
0.0769842375161 -0.0791977643546 0.0476439202543 0.0 0.0 -0 10.0
0.0260304978876 0.0575379514957 0.0829635078283 0.0 -0 0.0 10.0
0.0168141518992 0.0522399805316 -0.170973136524 0.0 -0 -0 10.0
-0.130251008004 -0.0662439998943 0.110723734444 -0 -0 -0 10.0
0.0501185694484 -0.115795284851 -0.0455277614562 0.0 -0 0.0 10.0
-0.204245483169 -0.0441077851656 0.142769059815 -0 0.0 0.0 10.0
-0.0927529542315 -0.051299348544 0.00360933707603 0.0 -0 0.0 10.0
0.0412739855288 -0.0872789575584 0.0113530955235 -0 -0 -0 10.0
-0.0497198459648 -0.0425776226684 0.127308649182 0.0 0.0 0.0 10.0
0.0092148031549 0.0802617396525 0.0421603057013 -0 -0 -0 10.0
0.106793910434 -0.155944536615 -0.0274728463108 -0 -0 -0 10.0
-0.00678654385099 0.0275141235902 -0.0748677902711 0.0 0.0 0.0 10.0
0.0216382458486 0.0351319256022 -0.11632638885 -0 -0 0.0 10.0
0.0436613587227 -0.0429593706111 -0.0190029785602 -0 -0 -0 10.0
0.0588413387261 0.0510144900176 -0.0668153555766 -0 -0 -0 10.0
0.0451724857826 -0.153209317762 0.0437160080308 0.0 -0 0.0 10.0
-0.144180809367 -0.0214809340014 -0.12580588456 0.0 -0 0.0 10.0
-0.163125322351 0.233408951544 0.0167154729153 -0 -0 0.0 10.0
-0.0661496095961 0.0151065544032 -0.0351703597128 -0 0.0 -0 10.0
-0.0497318580693 0.00607478997777 -0.0917610220224 -0 0.0 0.0 10.0
0.143218797187 -0.0236597343427 0.0808088184786 -0 -0 0.0 10.0
0.0870992142992 -0.0403568678757 0.099795349499 0.0 -0 0.0 10.0
-0.0433649852073 0.0844712741867 -0.00216238092592 0.0 -0 -0 10.0
-0.0404906707583 -0.162086704696 -0.088883601502 0.0 0.0 -0 10.0
0.0187922361755 0.037049812479 0.00116947930161 0.0 -0 0.0 10.0
0.128264185556 -0.0485348057136 0.0138333064698 -0 -0 0.0 10.0
-0.0763101121568 0.0760732430394 -0.0647586314755 0.0 -0 -0 10.0
0.0835437396073 -0.0384536866958 -0.0819284916625 -0 0.0 0.0 10.0
-0.0718904569319 -0.100532039228 0.114977059515 -0 0.0 -0 10.0
-0.117508698671 -0.0280498581696 -0.0751136488494 0.0 0.0 -0 10.0
-0.0291942210426 -0.0416781451686 0.0175477189685 0.0 0.0 -0 10.0
0.23240224541 -0.153210533523 -0.156186739312 -0 0.0 -0 10.0
-0.0905108887842 -0.0402342915738 0.0334993910052 -0 -0 0.0 10.0
-0.0493391993778 -0.0639859109341 0.250207172818 0.0 0.0 -0 10.0
0.0325161653227 -0.00843226303788 0.028770446687 0.0 0.0 -0 10.0
0.0827646045611 -0.0910274518255 0.0563305634144 0.0 -0 0.0 10.0
0.155489799596 0.0103294448591 0.0777748623602 -0 0.0 -0 10.0
0.0470038576192 0.026188297623 0.0973977356148 -0 0.0 0.0 10.0
0.0483083745781 -0.00809961020537 0.0310233361813 0.0 -0 -0 10.0
0.180529270161 0.00575081324586 -0.100856101583 0.0 0.0 -0 10.0
-0.0412186069709 -0.0933525924339 -0.335155595168 0.0 -0 -0 10.0
0.0745044289509 0.0464134775922 0.0517771369484 -0 0.0 -0 10.0
0.0453873742549 -0.0375359890135 -0.00513852877781 0.0 0.0 0.0 10.0
0.0716111042297 0.0365268347464 0.0589649725879 0.0 -0 0.0 10.0
0.0567293571136 -0.0467257805327 0.0463413218695 -0 0.0 0.0 10.0
0.0302491078055 -0.0189112938056 -0.0866107250218 0.0 -0 -0 10.0
0.0285178107821 0.00465679974133 -0.121505738858 -0 -0 0.0 10.0
0.0607291991147 0.168277383374 -0.12811288687 -0 -0 -0 10.0
-0.0176585190857 -0.0799987288605 -0.0285013262956 -0 0.0 -0 10.0
-0.206792716607 0.111155228798 -0.0794576750965 0.0 0.0 0.0 10.0
-0.0540658532623 0.118160246298 0.0117781745897 -0 -0 0.0 10.0
-0.0112514928448 -0.0702442127003 0.00786126446722 0.0 -0 -0 10.0
0.253567028483 0.0202030816636 0.0109890342438 0.0 -0 -0 10.0
-0.0850258107823 -0.155258996775 0.369175870658 -0 -0 -0 10.0
-0.0901860591734 -0.0284758194738 -0.130151256939 -0 -0 0.0 10.0
0.234057581149 -0.163120363626 -0.0162249370797 -0 -0 0.0 10.0
-0.0484952260994 -0.0375506893988 0.053272217365 -0 0.0 -0 10.0
-0.0414713199094 -0.135555306331 -0.0360866001053 0.0 -0 -0 10.0
0.0582469088103 -0.0425293587619 -0.232093676971 0.0 -0 -0 10.0
-0.023708707227 -0.028771269945 0.0506607617581 -0 -0 -0 10.0
-0.0628353373114 -0.114748241085 0.0764689187192 0.0 0.0 0.0 10.0
-0.0106525184638 0.0571009183345 0.0195696447004 -0 0.0 0.0 10.0
-0.0155457848355 -0.146254973367 -0.0709221486543 -0 0.0 0.0 10.0
-0.21196876731 0.12264906387 -0.163361072358 0.0 0.0 0.0 10.0
-0.0128907367747 -0.00913337618603 -0.125678165793 0.0 0.0 -0 10.0
-0.0522381872932 -0.0421821287319 -0.144044981795 -0 0.0 0.0 10.0
0.180959745799 0.0751169112563 0.108461089708 0.0 -0 -0 10.0
0.0192479908351 0.0792376192182 -0.0666826706685 0.0 0.0 -0 10.0
-0.0774463952137 0.0212785335134 -0.109939394426 0.0 -0 -0 10.0
-0.0203249050644 0.149039612441 0.0640987687779 -0 0.0 0.0 10.0
-0.0676719993425 -0.0882514350049 0.211213021477 0.0 -0 -0 10.0
-0.00147998917242 -0.0660269343159 -0.0242943827873 -0 -0 -0 10.0
-0.0330825854828 0.212087635501 0.0725096883346 0.0 -0 0.0 10.0
-0.0411051674744 -0.104507833774 0.026333704911 -0 -0 -0 10.0
-0.10952001066 -0.0857951731831 -0.0402352552285 -0 0.0 -0 10.0
-0.0185695757267 -0.0822884282165 -0.13927306926 -0 -0 -0 10.0
0.0437973386595 0.00346598280413 -0.187190226774 0.0 -0 0.0 10.0
0.0025363616214 -0.0141257089488 -0.0607985383373 0.0 0.0 0.0 10.0
0.105672798089 -0.0738990466919 0.140334037361 -0 0.0 -0 10.0
-0.184965382353 0.0436673414716 0.0629183736089 0.0 -0 -0 10.0
-0.041063491091 0.0261444008409 -0.152052168613 -0 -0 0.0 10.0
-0.119591654963 -0.105199132653 -0.0554135733 -0 -0 0.0 10.0
0.113006289275 -0.0209110963188 0.180492352452 -0 0.0 -0 10.0
0.118022777836 -0.140583670023 0.10491303669 -0 0.0 0.0 10.0
0.0404154793769 -0.0755390108782 0.137442552644 0.0 -0 -0 10.0
0.0356913949213 -0.0469504416322 -0.0730137963015 0.0 -0 0.0 10.0
-0.026026594854 0.0126674787839 -0.00820393716955 0.0 0.0 0.0 10.0
-0.0363491939557 -0.0371342295218 0.141339137544 -0 0.0 0.0 10.0
-0.108465020363 0.0816083093775 -0.0417229747983 0.0 0.0 -0 10.0
0.0151193926194 0.00853324130897 0.158627440536 0.0 -0 -0 10.0
-0.120037824659 -0.0541590275988 -0.0606784888124 0.0 -0 -0 10.0
-0.0904983832643 -0.0758149103172 -0.0151513255986 0.0 0.0 0.0 10.0
-0.0232414617508 0.0908450819628 0.0310788623422 -0 0.0 -0 10.0
0.0931940227627 0.219909263049 -0.191320875491 0.0 0.0 0.0 10.0
0.159927096092 -0.086264044456 0.0725045497228 0.0 0.0 -0 10.0
0.0609910661906 -0.0955561117017 -0.178327716445 -0 0.0 -0 10.0
0.0713175970598 -0.00704372583463 -0.0183438750489 0.0 -0 0.0 10.0
-0.160185301012 0.0310365239808 -0.105980610647 0.0 -0 0.0 10.0
-0.0084210325969 0.0595192422964 0.0701933837073 -0 0.0 -0 10.0
0.180479284534 -0.0694998873072 -0.0260604764924 0.0 -0 0.0 10.0
-0.00494353960382 0.15323900651 -0.140052657595 -0 0.0 -0 10.0
-0.329761893615 -0.00975029847841 -0.226350059506 -0 0.0 -0 10.0
-0.0576962600159 0.243040030607 -0.0177683909837 -0 0.0 0.0 10.0
-0.0761883187813 0.0472667159448 0.106812662104 0.0 0.0 0.0 10.0
-0.305098880205 -0.031946693608 0.127210475322 -0 -0 -0 10.0
0.00685318464469 0.102915835761 0.0125983003662 -0 -0 -0 10.0
0.064546123726 -0.0230562880479 0.0153976828467 0.0 0.0 0.0 10.0
-0.0841054223628 0.0381206203693 0.0231591810936 0.0 -0 -0 10.0
-0.02653832816 -0.13080929841 0.0941216351947 0.0 -0 0.0 10.0
0.0331120139702 -0.0641557352721 0.125154201807 0.0 0.0 0.0 10.0
-0.0179327265786 -0.0092366456358 0.0718940720458 0.0 0.0 0.0 10.0
-0.0292072152056 -0.0353342364568 -0.0523162541674 -0 0.0 -0 10.0
0.0237155044318 -0.0364490129144 -0.0612040678514 -0 -0 0.0 10.0
0.0929022831285 -0.113381774851 -0.073233251976 -0 0.0 0.0 10.0
0.0648480889128 -0.131730855529 0.0181842341198 0.0 -0 -0 10.0
-0.140663307644 0.1274224917 -0.0654404442625 -0 0.0 0.0 10.0
0.189919199628 -0.119127509137 -0.185630938041 -0 0.0 0.0 10.0
-0.0383261850686 -0.153612495952 -0.00963801378614 0.0 0.0 0.0 10.0
0.0498554275912 -0.0421207515002 0.0525365425985 0.0 0.0 0.0 10.0
-0.144730282088 -0.192803588023 0.0428996411455 0.0 0.0 0.0 10.0
-0.0148825996113 -0.000708292460214 0.0360422540247 -0 0.0 0.0 10.0
-0.0682515174728 -0.0201073207583 0.0586603416673 -0 0.0 0.0 10.0
-0.046102952241 -0.0913794792043 -0.0774712547102 -0 0.0 -0 10.0
0.0296712816633 0.00545335191771 0.062847150485 -0 0.0 0.0 10.0
0.0739606985843 -0.0734026380399 -0.176319182025 0.0 0.0 -0 10.0
0.0976835140029 -0.0782258258543 -0.0453267583033 -0 0.0 -0 10.0
0.107613358607 -0.0507835675907 0.0378353785852 0.0 -0 0.0 10.0
0.0584812758498 0.104059772353 0.0286082675771 -0 -0 0.0 10.0
0.0936902595729 0.0762366547502 0.16210809565 0.0 0.0 -0 10.0
-0.148209388505 0.0698786853913 0.0498527359027 0.0 -0 0.0 10.0
0.00533217116219 0.0770804832921 -0.105631549372 -0 -0 -0 10.0
-0.06366955595 0.270354360334 -0.135804800834 0.0 0.0 -0 10.0
-0.0727276208933 -0.0320178610825 -0.0203240680809 -0 -0 -0 10.0
-0.0644914817439 -0.187578322255 0.0152196769789 -0 0.0 -0 10.0
0.105431125715 0.103923668543 0.165411205794 -0 0.0 0.0 10.0
-0.103321645381 0.000115279144831 -0.0896150628482 0.0 0.0 0.0 10.0
-0.0668824935649 -0.0202830629442 -0.0323150120608 0.0 0.0 0.0 10.0
0.108265773928 0.134360391098 0.156971308085 0.0 -0 0.0 10.0
0.0508929783577 0.0561109028432 0.0583253775907 0.0 0.0 -0 10.0
-0.125684346508 0.155326717719 -0.0665620715567 -0 0.0 -0 10.0
-0.00704841375032 0.0930003273508 0.0109120990313 0.0 0.0 -0 10.0
-0.0198195970431 -0.147964473278 -0.0215785223015 -0 -0 0.0 10.0
-0.100039722811 0.0812791279543 -0.0190854380697 0.0 0.0 0.0 10.0
0.0475330898168 0.0114414159378 -0.0980254215599 -0 -0 -0 10.0
-0.0641593722924 -0.0316196295228 0.188160772899 -0 0.0 -0 10.0
-0.0936407737936 -0.048603931177 0.0434442708433 0.0 0.0 -0 10.0
-0.214365638474 0.076233546702 0.0703237797563 0.0 0.0 -0 10.0
-0.000194244247822 0.0911559565704 -0.10006449066 0.0 -0 -0 10.0
0.0716114808669 0.085222141973 -0.137745899903 0.0 -0 0.0 10.0
-0.00381398279686 0.0636756999919 0.122858580217 0.0 -0 -0 10.0
0.0568979392796 -0.00560079915177 0.0433516590811 -0 0.0 0.0 10.0
-0.0644784270962 -0.00435943491752 0.192254922375 0.0 -0 0.0 10.0
-0.134702233177 0.0626676338978 -0.0280616431809 0.0 -0 -0 10.0
-0.0386485694382 -0.0469501407396 -0.0106395885644 -0 0.0 0.0 10.0
-0.127342721031 -0.109197009401 -0.00778590065445 -0 -0 -0 10.0
-0.0767177866182 0.157022329719 -0.0958328603708 0.0 0.0 -0 10.0
0.085357391216 -0.0311537570231 0.0278211187568 0.0 0.0 -0 10.0
-0.180170613192 0.0964807875762 -0.0451499317645 -0 0.0 0.0 10.0
0.0912512240273 -0.0273797027713 -0.00249794127785 -0 -0 0.0 10.0
0.022393430491 -0.0831869583449 -0.0169436028264 0.0 0.0 -0 10.0
0.151908065594 0.114026608839 -0.190151935172 -0 -0 -0 10.0
0.107128114273 -0.0121511957445 0.159396302275 -0 -0 0.0 10.0
0.0859915725762 0.11869189062 -0.194734338181 0.0 -0 0.0 10.0
-0.069580742228 0.0585258848502 0.17030273737 0.0 0.0 -0 10.0
-0.0729181729439 0.00124896847284 0.110570215705 -0 0.0 0.0 10.0
0.150325282484 0.100472314482 0.042871748064 -0 0.0 0.0 10.0
-0.0302396742218 -0.099062512456 0.181585785031 -0 0.0 -0 10.0
0.0659369225619 -0.13233491938 -0.190145848839 -0 0.0 -0 10.0
-0.106141942451 0.0331793022659 0.0218639724532 -0 -0 -0 10.0
0.151333952515 0.0264380568177 -0.132186238334 0.0 0.0 0.0 10.0
-0.122345426459 0.242426253836 -0.0704749740606 0.0 -0 0.0 10.0
-0.166707305939 -0.0128624196509 -0.0872797720547 0.0 -0 0.0 10.0
-0.0196980787625 0.0494414885513 -0.204767052613 -0 -0 0.0 10.0
0.0526503434881 0.102774229509 -0.040857563914 0.0 0.0 0.0 10.0
-0.117404911784 0.0791461684791 0.074841399077 0.0 0.0 0.0 10.0
-0.055434416502 -0.0089482191108 0.113689262214 -0 -0 0.0 10.0
-0.0482279266405 0.00507167119522 -0.0878904367084 0.0 -0 -0 10.0
0.00462795389433 -0.0430105870192 0.0450917244727 0.0 0.0 -0 10.0
-0.125636304814 0.150952905015 0.0427316272306 -0 -0 -0 10.0
0.0339318723205 -0.0618098561434 -0.0788826741852 0.0 0.0 0.0 10.0
0.0540186113189 -0.0477172697651 0.110896613162 -0 0.0 0.0 10.0
0.0387388655689 0.109269788708 -0.0178890861171 -0 -0 0.0 10.0
0.0359518082207 0.106584072526 -0.135605184479 0.0 0.0 0.0 10.0
0.0440177424076 0.0589259608565 -0.180933920299 -0 -0 0.0 10.0
0.0582195299945 -0.134217427759 0.022734150557 0.0 -0 -0 10.0
0.15147906761 0.0728796572391 0.0398101686402 0.0 -0 -0 10.0
0.141215770508 0.00838692419228 0.133946333695 0.0 -0 -0 10.0
-0.042422806726 0.0373845891185 -0.113990571003 -0 -0 -0 10.0
-0.0184904462627 0.0352207781109 0.119952379556 0.0 0.0 -0 10.0
-0.118925310717 -0.119376438155 -0.0236874605554 0.0 -0 -0 10.0
0.19813635538 0.0780342482727 0.163752302214 -0 -0 0.0 10.0
0.211455816699 0.0388975977886 -0.0519050823614 -0 -0 -0 10.0
0.00631507194948 0.0514936079056 0.0503592094736 0.0 0.0 -0 10.0
0.0285188846752 -0.110501569543 0.105805636641 -0 -0 0.0 10.0
0.00730962253147 0.0352970327835 -0.136577053457 0.0 0.0 0.0 10.0
-0.015800257358 0.126400180147 0.21719410577 0.0 -0 -0 10.0
-0.0143781573309 0.0518348517632 0.048171735101 0.0 -0 -0 10.0
-0.0946542610683 -0.0222209730531 0.0729685454455 -0 0.0 0.0 10.0
0.0912297245954 -0.10252856747 0.0730596444227 -0 -0 0.0 10.0
-0.100914116651 0.0238618103697 0.0271707189105 0.0 0.0 -0 10.0
0.00084647955318 0.0767585644084 0.193771048799 -0 0.0 0.0 10.0
-0.0864089776547 0.0633975391962 -0.131438492176 -0 -0 -0 10.0
-0.0106830535198 -0.0742284567067 0.0477723299529 -0 0.0 -0 10.0
-0.0563299775958 0.0901628463315 0.136268013621 0.0 -0 0.0 10.0
-0.0210149967067 -0.113630267299 0.0743725547483 -0 0.0 0.0 10.0
-0.15814264332 -0.151840673881 0.146045035414 -0 -0 -0 10.0
0.0277662287715 0.102219398617 -0.208520893449 0.0 -0 0.0 10.0
-0.15997122564 0.0658441930119 -0.0444760461977 0.0 0.0 0.0 10.0
-0.0748362242643 -0.0172633029433 -0.113515061557 0.0 -0 -0 10.0
0.0167310218923 -0.0560513289734 0.0687904233011 0.0 0.0 -0 10.0
-0.014347981537 -0.037049470165 -0.205999284454 -0 -0 -0 10.0
0.0913061475018 -0.0593479639748 0.23254347216 -0 0.0 0.0 10.0
-0.148888629229 0.247788177358 0.0616192557811 0.0 0.0 -0 10.0
-0.0816963451232 -0.116529899241 0.142493511892 0.0 0.0 0.0 10.0
0.0860446266365 0.0956466634844 -0.182457059293 -0 -0 0.0 10.0
0.0481572763887 0.0166828486335 -0.0500448995311 -0 -0 -0 10.0
-0.0126406455639 -0.0447710922233 -0.0893606314623 0.0 0.0 0.0 10.0
-0.11672941546 -0.205391107272 -0.272695593775 -0 -0 -0 10.0
0.0454358859323 -0.0436782713073 0.086487280714 -0 0.0 -0 10.0
-0.044083527807 -0.0387473843055 0.109352470239 -0 -0 -0 10.0
0.0827064655026 0.0412615542737 0.0305709075255 -0 -0 -0 10.0
0.0912905478433 -0.0941279260821 0.213314500898 0.0 -0 -0 10.0
-0.0570300946142 -0.164262471791 -0.0995953436405 -0 0.0 0.0 10.0
0.272519690888 0.111122936664 -0.1901854654 0.0 0.0 -0 10.0
-0.0102791328337 -0.0190222529056 -0.0463862406104 -0 -0 0.0 10.0
-0.0390018330013 -0.0641942640687 -0.0524369443212 0.0 -0 -0 10.0
-0.19351437634 -0.199418113099 0.00198560276021 -0 -0 -0 10.0
-0.0490513528264 -0.00177626710285 -0.171915466216 0.0 0.0 -0 10.0
0.0222975876186 0.038946570228 0.0179037810407 0.0 0.0 -0 10.0
-0.0331217794531 0.0226154296729 -0.159599947289 0.0 0.0 -0 10.0
0.0427233814452 0.0632471262619 -0.0853945121968 -0 0.0 -0 10.0
-0.0494889114367 0.00473901750109 0.0394004677529 -0 0.0 0.0 10.0
-0.00990441880328 -0.000154957813615 -0.0270087153207 -0 0.0 0.0 10.0
0.0700727727703 0.261463279154 -0.111340276591 0.0 -0 0.0 10.0
0.0289902321858 0.0983222529057 0.0325298434088 0.0 0.0 0.0 10.0
-0.146895327279 -0.0802957619704 -0.0828704460705 0.0 -0 0.0 10.0
-0.0605747938057 -0.0890887802905 -0.0388998228255 -0 0.0 -0 10.0
0.0588227193828 0.152240887531 -0.129196424222 0.0 -0 -0 10.0
-0.176021034064 0.121788888846 0.0951603719565 -0 -0 -0 10.0
0.0187657080169 -0.0383762232148 -0.149805266938 -0 0.0 -0 10.0
0.0719731483607 0.0379510194432 -0.193144258258 0.0 0.0 0.0 10.0
0.00660359321251 -0.0493224143919 -0.0177747462697 0.0 -0 0.0 10.0
0.140874034648 0.256673064972 -0.024744611361 0.0 0.0 -0 10.0
0.114382121322 0.132293562065 -0.0118677075434 -0 -0 -0 10.0
0.215453778084 -0.089106320673 -0.0638441832327 -0 -0 -0 10.0
0.120230469505 0.105629096667 0.00737144517074 0.0 0.0 0.0 10.0
0.0833879456088 -0.0490167175524 -0.0189056536359 -0 -0 -0 10.0
-0.261717622367 0.112074078902 0.1162947365 -0 0.0 -0 10.0
0.0364697257805 0.0603576612533 -0.159174338854 -0 -0 0.0 10.0
0.0732496934891 -0.0624729537487 -0.00673642481961 -0 -0 -0 10.0
-0.152132921794 -0.0546283149766 -0.168889549188 -0 0.0 -0 10.0
-0.0210707647805 -0.168111857375 -0.0580782421113 0.0 0.0 -0 10.0
-0.00368974724425 -0.0290525718778 -0.0703057654335 0.0 0.0 -0 10.0
-0.0857895889431 0.122385637041 -0.00913327662271 -0 -0 -0 10.0
-0.251085859823 -0.126432803199 0.0587192255226 0.0 -0 0.0 10.0
-0.0449130412453 -0.0380392660789 -0.0878571961122 -0 -0 0.0 10.0
0.150520595398 -0.0996761161473 -0.0993816308357 0.0 0.0 0.0 10.0
-0.105230725479 0.0435879789926 -0.0553902841383 0.0 0.0 0.0 10.0
-0.0625189173876 0.224572567637 0.0406591686596 0.0 0.0 -0 10.0
0.157477786277 -0.025644278292 0.124477948176 -0 -0 -0 10.0
0.0760420692182 0.239331729501 -0.12277936922 0.0 0.0 0.0 10.0
0.0592287479245 0.13825061795 0.0694148471909 -0 0.0 -0 10.0
-0.118616609645 -0.0850543325168 0.0346409375471 0.0 0.0 -0 10.0
0.070984027089 -0.0460087899172 -0.0875864619104 -0 -0 0.0 10.0
-0.0655942353823 0.001504986744 -0.0406281556402 -0 0.0 0.0 10.0
-0.0363396371735 -0.0934667140383 -0.0862510625147 0.0 0.0 0.0 10.0
0.0191654232726 0.0780770622176 0.0909622492889 -0 -0 0.0 10.0
0.0436815583895 0.0802291159061 -0.112293166059 0.0 0.0 -0 10.0
-0.0360709280037 0.138609540049 0.144689281973 -0 0.0 0.0 10.0
-0.134834909384 0.0253497120181 0.0504097373726 0.0 0.0 0.0 10.0
-0.13013327103 -0.0391349017788 0.116822131727 -0 0.0 -0 10.0
-0.0113909376094 0.0958139740174 0.0226980950588 -0 0.0 0.0 10.0
0.0293060090662 0.0938660233622 0.0858578515593 -0 -0 0.0 10.0
-0.101934901763 0.0810334684033 0.0416607033552 0.0 0.0 -0 10.0
0.0726770450674 0.0231041959166 -0.0216970318926 0.0 -0 -0 10.0
0.12266859787 0.241201253272 -0.0434586516117 0.0 0.0 0.0 10.0
-0.00294423889539 0.203260848773 -0.078900019009 -0 0.0 0.0 10.0
0.0955554171387 0.0319388137963 0.0580071076574 0.0 -0 0.0 10.0
-0.112300805745 -0.0907884745156 -0.0147174126762 -0 0.0 -0 10.0
0.191722093902 0.0134784541561 0.046917587641 -0 -0 -0 10.0
0.0397222502506 -0.00367780308359 -0.0335683372517 -0 -0 -0 10.0
-0.0417476228131 0.0619178931592 0.0704415847448 -0 -0 0.0 10.0
-0.0770949374913 0.025756526923 -0.0693007162288 -0 0.0 0.0 10.0
0.109162170765 0.198796798403 0.154127934476 0.0 -0 -0 10.0
-0.0788471620634 -0.0963769157896 0.0935738049343 -0 -0 -0 10.0
-0.0478726010086 -0.0219615135579 -0.149834290717 0.0 -0 0.0 10.0
0.119413350579 0.0372802646916 0.0477891887657 -0 0.0 0.0 10.0
-0.0626146573587 -0.160488757376 -0.0637748628584 -0 0.0 0.0 10.0
-0.0480017065832 0.0693213582706 0.0483641582502 0.0 0.0 -0 10.0
0.0242913491624 0.13021212469 0.00756585198211 -0 -0 -0 10.0
0.025253264589 0.188649267174 -0.0554275177485 -0 0.0 -0 10.0
0.10447587376 0.0309162358356 0.0197630853766 0.0 0.0 -0 10.0
-0.0507478446154 0.12419571984 0.0838058930531 0.0 0.0 0.0 10.0
-0.00536859275438 0.134707882028 0.0734382465831 -0 -0 0.0 10.0
0.0657881920779 0.0659111497818 0.0236138160107 0.0 -0 -0 10.0
0.115339060876 0.0242874547106 -0.159033282056 0.0 -0 -0 10.0
-0.0841873264611 -0.0337249427541 0.0654775391206 -0 -0 0.0 10.0
0.040263230089 -0.0658381225882 0.0134569222909 -0 -0 -0 10.0
-0.0398466606167 0.0284563235408 -0.0662764308136 -0 0.0 -0 10.0
-0.153404990732 -0.151941315457 -0.0398822109876 0.0 -0 0.0 10.0
0.0504998487593 0.0278029462431 0.0375809028085 -0 -0 0.0 10.0
0.0387464302657 -0.0384362784354 0.00316841773685 0.0 -0 -0 10.0
0.189778622277 -0.0930814919342 0.090267093743 -0 0.0 -0 10.0
0.148000217334 0.277557825319 0.0102806475822 -0 0.0 -0 10.0
0.181817865927 0.048559871615 -0.0922635289464 0.0 0.0 0.0 10.0
0.106873511038 -0.0509289042406 0.140543789636 0.0 -0 0.0 10.0
-0.140891464373 0.00634912894034 -0.0476564674414 -0 -0 0.0 10.0
-0.0549165445014 0.0301956179067 -0.117687755361 0.0 0.0 0.0 10.0
-0.0396346374331 0.039377654449 -0.0522401370791 -0 0.0 0.0 10.0
-0.0052485051349 -0.0150316742534 0.0297793927861 -0 -0 0.0 10.0
-0.0331634989434 0.0079515970981 -0.148750018993 -0 0.0 -0 10.0
-0.115675567813 0.0293804247269 0.155994994707 -0 -0 -0 10.0
-0.0178102406744 -0.0161859634789 0.0143415333859 -0 0.0 -0 10.0
0.0397281554809 0.0722643990269 -0.0854880400102 0.0 0.0 -0 10.0
0.0703977673497 -0.04897904592 -0.0855262078224 -0 0.0 -0 10.0
-0.0211228274285 -0.0922676366176 0.0524407753113 0.0 0.0 0.0 10.0
0.17585892383 -0.0111271912086 0.118378337359 -0 0.0 -0 10.0
-0.00172232166429 0.137591261396 0.204338953414 0.0 0.0 0.0 10.0
0.0188600186941 -0.0496047273608 0.00906550774306 0.0 0.0 0.0 10.0
0.0908858695181 -0.00703509121117 0.0204617506517 -0 0.0 -0 10.0
-0.0291141693689 -0.0767865297119 0.032553121395 0.0 -0 0.0 10.0
-0.047075768339 0.04866885008 0.0591914358568 0.0 -0 -0 10.0
0.0297309892276 0.110244518089 0.00255940610328 0.0 -0 0.0 10.0
-0.0487160244081 -0.073018568692 -0.123111124602 0.0 -0 -0 10.0
0.0497699722934 0.0551514764363 0.129366942508 -0 -0 0.0 10.0
0.0503380380091 -0.00322515338375 0.00321412784892 -0 -0 0.0 10.0
0.0269148114377 0.0959087520273 -0.111672151004 -0 -0 -0 10.0
0.284578003919 0.0388864384031 -0.114267482881 0.0 0.0 0.0 10.0
-0.0514140032262 -0.00667189894259 0.0224306575068 0.0 -0 0.0 10.0
0.0188682586109 -0.0628152756898 -0.0678349441245 0.0 0.0 -0 10.0
0.022546578209 -0.0291768334739 0.203960810436 -0 0.0 -0 10.0
0.0863684495973 0.0236614830322 -0.110014928915 -0 0.0 -0 10.0
0.104604093291 -0.149405515729 0.125934304101 0.0 -0 0.0 10.0
-0.0590750616301 -0.0781080551249 0.130179764871 0.0 0.0 0.0 10.0
0.100194366295 -0.0434508620139 0.0348882143949 0.0 0.0 0.0 10.0
0.0768298394812 -0.0461891103388 0.0319342630573 -0 0.0 0.0 10.0
0.0561204078689 0.100088651616 0.0597344440877 -0 -0 -0 10.0
-0.0498845429079 0.0213890523529 0.00712545208648 -0 0.0 -0 10.0
0.0210983366059 -0.0925453638395 -0.00571023908024 0.0 -0 0.0 10.0
0.0106774161649 -0.155618784499 0.186534148307 -0 0.0 -0 10.0
-0.0758824271609 -0.0269902667851 0.0467116312593 -0 0.0 0.0 10.0
0.0746937313423 -0.132393458291 -0.0283377026687 -0 0.0 -0 10.0
0.0291889209311 -0.0912130692579 -0.0334296993292 -0 0.0 -0 10.0
0.0142299862629 -0.0910681439234 0.17088751472 0.0 -0 0.0 10.0
-0.425889853002 0.0639356903616 -0.172370640498 -0 -0 0.0 10.0
0.119248547948 -0.00594752804952 0.146105678422 0.0 -0 -0 10.0
0.0764708351162 -0.137536739323 0.00492815527991 -0 -0 -0 10.0
-0.0239620352387 -0.0400775063328 0.0952995423615 -0 0.0 0.0 10.0
-0.0423080128353 -0.0296868145266 0.128744521837 0.0 0.0 0.0 10.0
-0.0864599229012 -0.0754209649342 0.158757074672 0.0 0.0 0.0 10.0
0.0788853739435 0.0799513778884 -0.0917724458027 -0 -0 -0 10.0
-0.0316219882376 -0.0280750353166 0.102044295703 0.0 -0 -0 10.0
-0.0284908578958 0.0683010494284 0.0981992916646 -0 -0 -0 10.0
0.0647260241798 0.197145226706 0.013086255351 -0 0.0 0.0 10.0
-0.00083858626039 -0.00707450056029 -0.156965164111 -0 -0 0.0 10.0
-0.0466569095272 0.0239823372408 -0.137301105404 0.0 0.0 -0 10.0
0.0214516681879 0.0402062392789 0.214916121378 -0 -0 -0 10.0
0.047915315188 -0.0820516779918 0.00444253306142 -0 0.0 0.0 10.0
0.0361130090585 -0.0376116927671 -0.0446905980373 -0 -0 0.0 10.0
-0.00793634804936 0.0411402848702 0.0286272044251 -0 -0 0.0 10.0
0.0467353186519 0.0262485218164 -0.0400499943328 0.0 -0 -0 10.0
-0.102643969549 -0.035514204939 -0.192510076665 -0 -0 -0 10.0
-0.152005915565 -0.0996537503713 0.125413902158 -0 0.0 0.0 10.0
0.0369385345652 0.00392365325615 0.124948722806 -0 -0 -0 10.0
-0.0716979272003 0.0175219311469 -0.193708570247 -0 0.0 -0 10.0
0.221731202474 0.0270375644018 -0.0222321041583 -0 -0 0.0 10.0
0.0299995288085 0.0213696193452 -0.0773936153859 0.0 -0 0.0 10.0
0.101032575191 -0.0875411951364 -0.228956809543 0.0 -0 -0 10.0
0.124860602951 0.0493722151958 0.137806007409 0.0 -0 0.0 10.0
0.219725338936 0.0395642634287 -0.0908904042321 0.0 0.0 0.0 10.0
-0.10193519064 -0.180267587731 -0.0683926966742 0.0 0.0 0.0 10.0
0.0164918541344 -0.0336783925394 0.0516791365389 -0 -0 -0 10.0
-0.0995650519933 0.0839789253082 -0.0727976578553 -0 0.0 -0 10.0
-0.0851895663155 -0.109213842511 -0.00304634972806 -0 0.0 0.0 10.0
0.1360691656 -0.0100354699327 -0.116893945091 0.0 -0 0.0 10.0
-0.0397407571414 -0.11674737132 0.0391800107854 0.0 0.0 0.0 10.0
0.139771092189 0.0160777714286 -0.102114501935 -0 -0 -0 10.0
0.111938855651 -0.00535217255789 0.0304325924473 0.0 -0 0.0 10.0
-0.087398858889 -0.0722899348905 0.139296593165 -0 -0 0.0 10.0
-0.0736086226368 -0.11923386877 0.0861309839466 0.0 -0 0.0 10.0
0.170147416592 -0.0489127540057 0.124091627168 -0 0.0 0.0 10.0
-0.0508417389289 0.111523676616 0.0792066028512 0.0 0.0 0.0 10.0
-0.0611921637452 0.0235068878703 0.199698992138 -0 0.0 0.0 10.0
-0.183162030818 -0.0206828216403 0.272203919972 -0 0.0 0.0 10.0
0.00675653984639 -0.0279781311638 0.0495571860278 -0 -0 0.0 10.0
-0.1036135327 0.0994870184424 -0.11300424842 0.0 0.0 -0 10.0
-0.0986687503494 0.0625930724709 -0.0710506685042 0.0 -0 0.0 10.0
0.113195205861 -0.0428727026776 0.0113889734047 -0 0.0 0.0 10.0
-0.0215466263479 -0.0439708780419 0.208319476045 0.0 -0 -0 10.0
-0.0297206290686 0.0895320623582 -0.0575015302388 0.0 0.0 0.0 10.0
-0.143197800478 -0.0641685418656 0.112735976005 -0 0.0 0.0 10.0
0.035781277828 -0.13484766005 0.0713307191064 -0 0.0 0.0 10.0
-0.00761254445987 -0.00620109723748 -0.217583462106 -0 -0 0.0 10.0
0.0998032089289 0.0464770427349 -0.0404250088789 0.0 0.0 0.0 10.0
-0.0855575819349 0.0235014074158 -0.0690120792539 -0 -0 0.0 10.0
0.2509600584 0.108775170246 0.00391466812994 0.0 0.0 0.0 10.0
0.0475516801353 -0.152236637153 0.011285897965 0.0 0.0 -0 10.0
-0.063991453647 0.0870009665556 0.0985931251877 -0 0.0 -0 10.0
0.0864669534496 0.166143703006 0.204238967834 -0 0.0 -0 10.0
-0.099526350053 -0.0374514438653 0.0687601208165 0.0 -0 -0 10.0
-0.0919210519055 0.0418212866166 0.0314890711469 -0 0.0 -0 10.0
-0.0265657382609 -0.131917884813 0.0507099157952 -0 -0 0.0 10.0
-0.0755859315979 0.0522812520093 -0.171191904656 -0 0.0 -0 10.0
-0.00929359265754 -0.0103758696433 -0.161961217899 -0 0.0 -0 10.0
-0.0207386806915 -0.0466775251267 -0.0291709936692 -0 0.0 0.0 10.0
0.0444527270582 0.126635878215 -0.13548131644 0.0 -0 -0 10.0
0.0318572075062 -0.216475998776 0.0673715135408 -0 -0 0.0 10.0
0.0524553516812 0.0940276042976 -0.0920884998462 0.0 0.0 -0 10.0
-0.0744802798773 0.0527477425252 -0.0708605804836 -0 0.0 -0 10.0
0.149739688884 0.0363132798084 0.114945403185 -0 0.0 0.0 10.0
-0.00171347121299 0.0742895130084 0.0981971524478 -0 -0 0.0 10.0
0.103460975229 -0.119994857338 0.0504527959196 0.0 -0 -0 10.0
-0.125843725123 0.167080934495 0.0883482979237 0.0 0.0 -0 10.0
0.16735930234 -0.296170609993 -0.0208860481094 0.0 -0 0.0 10.0
-0.0762567277039 -0.0192667426416 -0.0424411434444 -0 -0 -0 10.0
-0.0505454567841 0.0779047943703 -0.0173085767812 0.0 -0 -0 10.0
-0.163497265568 -0.00689974175353 0.0493322207059 0.0 -0 -0 10.0
0.00511257661957 0.0207756157495 -0.0509265295733 -0 0.0 0.0 10.0
0.0127869903199 -0.139147138471 -0.00794724138121 -0 -0 -0 10.0
0.0317160322111 0.0235166775415 0.188607361597 -0 0.0 -0 10.0
-0.0274865375122 -0.163558172783 -0.00598999279006 0.0 -0 -0 10.0
-0.16559000372 0.0753851247904 0.0755431991807 0.0 0.0 -0 10.0
-0.156410390395 -0.0263865014566 -0.180789668163 0.0 -0 0.0 10.0
-0.137438334856 0.0630246173747 -0.0219208832138 -0 0.0 0.0 10.0
-0.00506209733985 0.125591966657 -0.0444466763516 0.0 0.0 -0 10.0
-0.141357725434 0.0429286979399 0.077162335266 -0 -0 0.0 10.0
-0.088514817497 0.148558484211 -0.0237133519682 -0 0.0 -0 10.0
0.0861495667605 -0.00331071813854 -0.0109890379759 0.0 0.0 -0 10.0
-0.0495957296725 -0.141168979857 -0.0378987794133 0.0 0.0 0.0 10.0
0.157718025407 -0.0721592983798 0.0205834001329 0.0 -0 -0 10.0
0.0383791844042 -0.0660817996135 0.150541435385 0.0 0.0 0.0 10.0
0.0972472733721 0.0862590242384 0.0538884053365 0.0 0.0 0.0 10.0
-0.0631540204336 0.00171100143353 -0.254078190348 0.0 -0 -0 10.0
0.0541599027695 -0.0726527664127 -0.17021774445 0.0 -0 -0 10.0
-0.0427371767005 0.042626283548 -0.105925840207 -0 -0 -0 10.0
-0.0312984232204 0.265613699508 0.0199174547009 -0 -0 0.0 10.0
-0.0866904579345 0.138844075387 0.0191377734085 -0 0.0 -0 10.0
0.0734988176465 0.104330843336 0.0501900542355 0.0 0.0 0.0 10.0
0.052399712149 -0.0311198202894 0.119066406982 -0 0.0 0.0 10.0
0.053238465102 0.0776342333333 0.168843378201 -0 0.0 0.0 10.0
0.0183347642702 -0.0566514832348 -0.101571784396 -0 -0 0.0 10.0
0.111918504666 0.120228887279 -0.00548603768811 -0 0.0 -0 10.0
-0.0493077976799 0.113709614258 0.0109029073253 -0 -0 0.0 10.0
-0.0681872422602 -0.0436901276462 -0.0437298601074 -0 0.0 0.0 10.0
-0.110101794037 -0.225757073887 -0.120073577676 0.0 0.0 -0 10.0
0.00583022397086 -0.0593876679006 0.151435478891 -0 0.0 -0 10.0
0.152481574649 0.0355927171529 0.013411420061 0.0 0.0 -0 10.0
-0.101375503362 -0.195741588096 -0.200486488674 -0 0.0 0.0 10.0
-0.209840210912 -0.104385806638 -0.0209258545744 0.0 -0 -0 10.0
0.00189016237797 -0.164445814136 -0.012211433262 0.0 -0 -0 10.0
-0.119353694973 0.028983446571 -0.152232440896 0.0 0.0 0.0 10.0
-0.260920622895 -0.144616882486 -0.117488599161 -0 -0 -0 10.0
0.0957297018462 -0.168901568282 0.0548473702313 0.0 0.0 -0 10.0
-0.0767957479137 -0.161882299429 -0.130810260072 0.0 -0 -0 10.0
-0.122949046148 0.157189445827 0.169073911406 -0 -0 -0 10.0
0.125355067298 0.0201013105553 0.182348362102 -0 0.0 0.0 10.0
0.224136118982 0.075973402418 -0.092664947235 0.0 0.0 0.0 10.0
0.125023719905 0.106009349749 -0.0983706795313 -0 -0 -0 10.0
0.12525305159 0.107065264865 0.0229628830032 -0 0.0 -0 10.0
-0.0186339025962 -0.0950150232064 0.1488756654 0.0 0.0 -0 10.0
0.0431701938475 0.0436596945396 -0.0394787998214 -0 -0 0.0 10.0
-0.0335625047512 -0.0047788059941 -0.0246912238888 0.0 -0 0.0 10.0
0.0163549638336 -0.105679398318 0.27218004384 0.0 -0 0.0 10.0
-0.116091226711 -0.0793469581742 0.133124470246 -0 0.0 0.0 10.0
0.0291963920779 -0.0326143397401 0.00892552107826 0.0 0.0 0.0 10.0
0.0130620089245 0.122240748064 0.0420022550959 -0 0.0 -0 10.0
0.0366212252162 -0.0633219933806 -0.288179759119 -0 0.0 -0 10.0
-0.169596690787 -0.0231925532932 -0.0472619310328 -0 -0 -0 10.0
0.102708638118 0.0437828061703 0.0238398265545 0.0 0.0 -0 10.0
0.114792740853 -0.00722031370826 0.00678554953604 -0 0.0 -0 10.0
-0.00170777394701 0.0805863331407 -0.0920782682708 -0 0.0 0.0 10.0
-0.0693910438966 -0.134281644822 0.0113620882592 0.0 0.0 0.0 10.0
0.15782143198 0.0578751900635 0.118745169766 -0 -0 -0 10.0
-0.13232659732 -0.111633190283 -0.217874064237 0.0 -0 0.0 10.0
-0.140461102784 0.0357154128136 -0.0390744869099 -0 -0 -0 10.0
-0.0144076691972 0.0238789215874 -0.156192647052 0.0 -0 -0 10.0
-0.115101057246 -0.062709432574 0.0141412062001 -0 0.0 -0 10.0
0.00406129230769 0.188100528631 0.0574513119724 -0 -0 0.0 10.0
-0.199232616156 -0.012618665194 -0.0356244192752 -0 -0 0.0 10.0
0.0688466686099 0.0585170623102 0.0135907199928 0.0 -0 -0 10.0
-0.0702251663338 0.344536958433 -0.136035500524 -0 0.0 -0 10.0
0.0998893756671 0.0300264211135 0.0182697920593 -0 0.0 0.0 10.0
0.213346452708 -0.0646245364248 -0.00975643385303 0.0 0.0 -0 10.0
-0.0688980541066 -0.155641769196 0.0400084503534 -0 -0 0.0 10.0
0.0408218877943 0.0918869340849 0.163316801474 -0 0.0 0.0 10.0
-0.141114747615 -0.146070558174 0.169279810476 0.0 0.0 -0 10.0
-0.129007045704 0.00768376388708 -0.0518686485076 0.0 -0 0.0 10.0
0.190254283912 -0.00360739398394 -0.0913758521087 -0 -0 0.0 10.0
-0.107000022984 -0.0894863213047 0.0730767864095 0.0 0.0 -0 10.0
0.0398282408747 0.0609494663453 0.0156240215887 0.0 -0 -0 10.0
-0.146951400819 0.0923715863511 0.046903188734 0.0 0.0 -0 10.0
-0.0425550376731 -0.0143254947232 -0.0341363155214 -0 -0 -0 10.0
0.0455108462022 -0.0591314150631 0.00529071570084 0.0 0.0 -0 10.0
0.0875599252203 -0.0402937955807 0.041603134796 -0 -0 0.0 10.0
0.11937955343 -0.147205761675 -0.218124591939 0.0 -0 -0 10.0
0.167476820878 0.00400120486448 0.0388061707574 0.0 0.0 0.0 10.0
-0.204557828213 -0.0997685385809 -0.144062187082 -0 -0 0.0 10.0
0.127784206994 -0.0699756441863 0.0387808785416 -0 0.0 -0 10.0
0.0596702539679 0.0445783596622 0.111822968002 0.0 0.0 -0 10.0
0.0377643861609 0.145860292919 0.107140512969 -0 -0 0.0 10.0
0.0185756754902 0.0734683267459 -0.0784320394616 0.0 0.0 -0 10.0
0.064936621746 0.130296699234 0.0470358522595 0.0 -0 -0 10.0
0.0295203789642 -0.139744300907 0.0128578348451 0.0 -0 0.0 10.0
0.109135132018 -0.130629329962 -0.0920019830296 0.0 -0 0.0 10.0
-0.0467077449859 -0.101916360349 0.0440613737953 -0 0.0 -0 10.0
-0.00728521500659 0.135623587551 -0.0986144322737 -0 -0 -0 10.0
-0.0256692370018 0.0125160153088 0.113175666497 -0 -0 -0 10.0
-0.0394883897742 0.0590407455937 -0.016351049986 0.0 0.0 0.0 10.0
0.120169602873 -0.00921011607359 -0.125405668234 0.0 0.0 0.0 10.0
-0.0340262794889 0.12074281762 -0.119071728947 -0 0.0 0.0 10.0
0.174713448483 -0.199341564445 -0.0862607353936 0.0 -0 0.0 10.0
0.00645721074657 -0.131204067348 0.214419476855 -0 -0 -0 10.0
-0.0279863365566 -0.0160798978638 0.179871249761 -0 0.0 -0 10.0
0.161527148339 -0.0290551201556 -0.193325069168 0.0 -0 0.0 10.0
0.156606613517 -0.114476399766 0.00968468971867 0.0 0.0 0.0 10.0
0.120013177003 0.109348295452 0.0715030687301 0.0 -0 -0 10.0
-0.035895970246 0.0427481622357 0.166518445564 0.0 -0 0.0 10.0
0.0206088727383 0.0428458060738 0.0911939000518 -0 0.0 0.0 10.0
0.07507966933 0.026809256161 -0.167807053051 -0 -0 0.0 10.0
-0.103112622021 0.200785321042 0.106710270089 -0 0.0 -0 10.0
0.0556839363386 0.170806876589 -0.00583180028648 0.0 0.0 0.0 10.0
0.0932691871107 0.0831793272044 0.0292075901852 0.0 0.0 0.0 10.0
-0.172666747205 -0.0991476289101 0.0805683386115 0.0 0.0 -0 10.0
-0.073037060736 -0.0763504637979 -0.0312603262769 0.0 0.0 0.0 10.0
0.183954199149 -0.0701973353801 0.034238879543 0.0 -0 -0 10.0
0.187231738133 0.13674509216 5.45585132607e-05 0.0 -0 0.0 10.0
0.0495176634049 0.207499588347 0.0544074917468 0.0 -0 -0 10.0
-0.0193231512367 0.054523761896 -0.0895157581206 -0 -0 -0 10.0
-0.074369973242 -0.207871539587 -0.140916969773 -0 -0 0.0 10.0
-0.0141695759464 0.125221892716 -0.15898281095 -0 0.0 -0 10.0
0.12880831183 -0.122913775157 0.0307939080799 0.0 -0 -0 10.0
0.254445744991 0.0288774985024 0.139668727193 0.0 0.0 0.0 10.0
-0.3183013358 0.0232154322086 0.225261290798 -0 0.0 -0 10.0
-0.00221346176726 -0.119111661033 0.118559369916 0.0 -0 -0 10.0
-0.11153564374 -0.085922434969 0.0381959543328 0.0 -0 -0 10.0
0.0195002797439 -0.0367140771974 -0.0101694576713 -0 -0 -0 10.0
0.160164136656 -0.243450370421 -0.128104652166 -0 -0 -0 10.0
0.00468846925872 0.138487817034 -0.00362528822581 0.0 -0 0.0 10.0
-0.0731382353614 0.114761510719 0.029094593565 0.0 -0 0.0 10.0
0.00767976915694 0.161777241341 0.0487389692393 -0 -0 0.0 10.0
0.0663887413632 -0.14057429944 0.0342592142318 0.0 -0 0.0 10.0
0.0399378018661 0.0421376759784 0.147734911513 0.0 -0 -0 10.0
0.0430701219967 -0.0191676643236 -0.0845818544653 0.0 -0 -0 10.0
-0.0360764572605 0.092278713093 0.190490934742 -0 -0 0.0 10.0
-0.155744736408 0.104890555951 -0.0301922309893 -0 0.0 -0 10.0
-0.0858527671668 -0.196734654975 0.22386696353 0.0 -0 0.0 10.0
-0.000216433328437 -0.0421742871133 -0.101839137883 0.0 0.0 0.0 10.0
-0.0683546045761 0.0843834272361 -0.0718690250846 -0 0.0 0.0 10.0
0.0722662528323 -0.115865281539 0.166647199461 0.0 -0 0.0 10.0
0.146214998213 -0.00589202560449 -0.0248764512027 0.0 -0 -0 10.0
0.0755014933186 -0.112037068161 -0.0426334065177 0.0 -0 0.0 10.0
0.0968937860201 -0.137800317766 0.0186479460927 -0 0.0 -0 10.0
0.0330799093421 0.062691696754 0.0205669523757 0.0 0.0 0.0 10.0
0.0598315921648 -0.0857741353084 0.130129789671 -0 0.0 -0 10.0
0.119898445738 0.240512282642 0.00670812755872 -0 -0 0.0 10.0
0.251021146926 0.110752355095 -0.0382673146738 0.0 -0 0.0 10.0
-0.0197045789626 -0.086216035646 0.0279535240053 0.0 0.0 0.0 10.0
-0.198334993365 0.0279409225947 -0.184406684799 -0 0.0 0.0 10.0
0.0129481756897 0.19769035448 0.0763462571145 -0 -0 0.0 10.0
-0.0511668589362 0.185708078147 -0.107526892793 0.0 -0 -0 10.0
-0.159532403335 -0.00316220148337 -0.137398988072 0.0 -0 -0 10.0
-0.0566256002544 0.193089358462 0.054899981515 0.0 0.0 0.0 10.0
0.11406847706 0.0348930504529 -0.137542309688 0.0 0.0 0.0 10.0
0.0404846651241 0.0237516523922 0.0222729406184 0.0 0.0 -0 10.0
-0.0206508363565 0.048941359463 -0.124686210077 0.0 0.0 0.0 10.0
0.065729322803 0.0474820958878 -0.0650187961343 -0 0.0 0.0 10.0
0.0688073613295 0.0190002624932 0.043529513367 0.0 0.0 -0 10.0
0.104246549923 0.0661262375381 0.130082734683 -0 -0 0.0 10.0
0.0229030587058 -0.218969373786 -0.0100322586792 -0 -0 -0 10.0
-0.040953594323 0.136903472558 -0.0614878133681 0.0 -0 -0 10.0
0.0416903099963 0.030904661036 0.0300342060816 -0 -0 -0 10.0
-0.137923287691 -0.198134348765 -0.0441906846129 -0 0.0 -0 10.0
0.0380995453257 -0.176437581929 0.169950319073 -0 -0 -0 10.0
-0.0532890525385 -0.190822143021 -0.105556146649 -0 -0 0.0 10.0
0.0653545816107 0.119667975319 -0.0501088342544 0.0 -0 -0 10.0
-0.0681796972032 -0.033037306993 0.145642361875 0.0 -0 0.0 10.0
0.0472311480623 0.196312716944 0.114155516395 -0 0.0 0.0 10.0
0.102003141978 0.00241661249549 -0.252032048569 0.0 0.0 -0 10.0
0.116023387985 0.0153401314085 -0.136748038167 -0 -0 -0 10.0
-0.04634088817 0.0378705572025 -0.0904223261279 0.0 0.0 -0 10.0
0.0887313310888 0.0248434842392 0.118689989366 0.0 0.0 0.0 10.0
0.111337845577 0.0613016058814 0.0174566880281 -0 0.0 -0 10.0
-0.183886558567 0.00698306578747 0.181599107385 0.0 -0 0.0 10.0
0.0279602203149 -0.018645798546 0.129182810457 0.0 0.0 0.0 10.0
-0.0635325447911 0.0675352121119 0.0948764538202 -0 -0 -0 10.0
0.14306024339 -0.00941334587946 0.0303929707386 0.0 0.0 -0 10.0
0.216709558427 -0.0386909833291 -0.0930418962701 0.0 0.0 0.0 10.0
0.0478690017218 0.043945045322 0.0311451679098 -0 0.0 -0 10.0
-0.0225607493732 -0.0758113452568 0.00741165544816 -0 -0 0.0 10.0
-0.069379443506 -0.0621589017095 0.115143560209 0.0 0.0 0.0 10.0
-0.0806170910633 -0.0516882035067 -0.0318862969315 0.0 -0 -0 10.0
0.0494783294601 -0.0475528485147 -0.10124473872 -0 -0 0.0 10.0
0.014046267404 -0.0806207949979 -0.0627210712801 0.0 -0 0.0 10.0
-0.0172865073903 -0.0815262545814 0.192531972699 -0 0.0 -0 10.0
0.0342857326245 0.0960196946593 -0.00659783917914 -0 0.0 0.0 10.0
-0.102803375673 0.117488861389 -0.15483371686 -0 -0 -0 10.0
0.0703586616401 0.0594449363255 -0.0690248062343 -0 0.0 0.0 10.0
0.185888155079 -0.090901587166 0.0495954631364 0.0 0.0 0.0 10.0
-0.184950585724 -0.00705563334897 -0.0228599970611 0.0 0.0 -0 10.0
-0.031024923535 0.0377232956497 0.238319462199 -0 0.0 -0 10.0
-0.035179862552 0.166895020337 -0.0268030737619 0.0 -0 0.0 10.0
0.184434724809 0.111795863373 -0.00127921308697 0.0 0.0 0.0 10.0
-0.118274446649 0.0886388049509 0.00759137371296 -0 0.0 -0 10.0
0.0462629488057 -0.0234141551009 -0.0015484651729 -0 -0 0.0 10.0
-0.037767102848 -0.138753426591 -0.20323710689 -0 0.0 -0 10.0
0.0841401949098 -7.56120693002e-05 0.162581628337 0.0 -0 0.0 10.0
-0.0107070876534 0.0769840940359 -0.101106356173 -0 -0 0.0 10.0
0.148916754378 0.0214463416167 -0.0184121498467 -0 0.0 -0 10.0
-0.0131757032622 0.303486295148 0.0994590980033 -0 -0 -0 10.0
0.000969078371078 0.0277044049421 -0.043658742496 -0 -0 0.0 10.0
0.253466932095 -0.0814550313299 -0.107656336365 0.0 -0 0.0 10.0
0.0483440701768 -0.0421030745781 -0.1505850339 0.0 0.0 -0 10.0
-0.0178204658192 0.167817535273 -0.0383198646342 0.0 0.0 -0 10.0
0.0818873325674 0.0335247690411 -0.0308368015805 0.0 -0 -0 10.0
-0.160213403671 -0.0689812367483 0.121409780529 -0 0.0 -0 10.0
-0.0725360625118 -0.0958964929525 0.0943507417504 0.0 0.0 -0 10.0
0.032942770054 0.0632556862855 0.0356003132934 0.0 -0 0.0 10.0
0.0975940257758 -0.251302225842 0.186752040743 0.0 0.0 -0 10.0
0.0345235790985 0.140378165987 0.0192440799595 0.0 0.0 0.0 10.0
0.285349441157 0.00213692105463 0.0134180839203 -0 0.0 0.0 10.0
0.0340111840147 -0.011983656474 -0.0884161179785 -0 0.0 -0 10.0
0.248053674545 0.0131227231608 0.154243150966 0.0 -0 0.0 10.0
-0.0329420204709 0.061328718062 0.0296628784113 -0 0.0 0.0 10.0
0.112272213809 -0.0411550855544 -0.109539754161 -0 0.0 0.0 10.0
-0.0723923025955 -0.0135460141922 -0.0188816670772 -0 0.0 -0 10.0
-0.0609999324387 -0.0841994343874 -0.0665985543469 0.0 0.0 -0 10.0
-0.0270944791426 0.0661187905124 0.129961454556 -0 0.0 -0 10.0
-0.0618618200116 0.148367508402 0.186556717902 0.0 0.0 0.0 10.0
-0.0149404821208 -0.0091640233011 -0.111457395971 0.0 0.0 -0 10.0
0.0133869954135 -0.0307646792323 0.128158282374 0.0 0.0 -0 10.0
0.0355271732689 0.0203386683084 -0.0316162246607 0.0 0.0 0.0 10.0
-0.0393780976477 -0.0928129192428 0.197611390935 -0 0.0 0.0 10.0
0.292387791773 0.0786996228844 0.0980967795623 0.0 0.0 0.0 10.0
-0.0225029080704 0.0347873868816 -0.102205507409 0.0 0.0 -0 10.0
-0.159178121355 0.159193952484 0.116469156404 -0 -0 -0 10.0
0.0266826509839 -0.0696006551482 0.153945329013 -0 -0 0.0 10.0
-0.021932472641 -0.0337537879542 -0.00256161902368 0.0 0.0 0.0 10.0
-0.0110095519956 0.0507381361988 0.109896812616 0.0 0.0 0.0 10.0
0.114526303139 -0.166774250952 0.0284570400407 -0 -0 -0 10.0
-0.111421321171 0.0377138845019 0.187715233148 -0 0.0 -0 10.0
-0.0350608233173 -0.11610928904 0.0252784892022 0.0 0.0 -0 10.0
0.104663915592 0.14712156271 0.130164899637 0.0 -0 0.0 10.0
-0.0205729328899 0.0669512257672 -0.0902193785025 -0 -0 0.0 10.0
0.0373748314126 0.146038975626 -0.00219123665658 0.0 0.0 0.0 10.0
-0.1085132935 -0.0239844513889 0.0905904620828 0.0 0.0 -0 10.0
0.103901063235 0.0607534113204 -0.00367302358757 -0 -0 0.0 10.0
0.0602118423621 0.0767968365115 0.229833702157 -0 -0 -0 10.0
0.0482809052325 0.102053688695 -0.0202407815148 0.0 0.0 -0 10.0
-0.114296055346 0.127895879214 -0.155607854235 0.0 -0 0.0 10.0
-0.0763522999131 0.0328935751108 -0.0197191210522 -0 0.0 0.0 10.0
-0.114352162256 0.111967977081 0.03304554731 -0 -0 -0 10.0
-0.101768240292 0.0044334359398 -0.223030306128 -0 0.0 0.0 10.0
-0.0844713491994 -0.027293671197 0.068959558335 0.0 -0 0.0 10.0
-0.00956577462543 0.129621808826 -0.0304895124892 -0 -0 -0 10.0
0.00178626026196 -0.065695507652 0.0144233080815 0.0 0.0 -0 10.0
-0.106674010217 0.178633186292 0.000810464319134 -0 0.0 0.0 10.0
-0.0691040107735 0.00361493627024 -0.16182789657 0.0 -0 0.0 10.0
0.101227288127 0.192426103215 0.0448202756428 0.0 0.0 0.0 10.0
-0.0155852863948 0.0109702871596 0.0653507533188 -0 0.0 0.0 10.0
-0.0600561323613 -0.0935385796757 0.117244866049 0.0 -0 0.0 10.0
0.00381603789259 -0.246677756152 -0.124264938463 -0 0.0 0.0 10.0
-0.0374382780396 -0.172213790714 0.0141881743115 -0 -0 0.0 10.0
-0.0285100659618 -0.0230755828995 -0.17364271052 -0 -0 0.0 10.0
-0.0617478677014 -0.16145573881 -0.000417876355151 0.0 -0 -0 10.0
0.0883607457442 -0.0129445377134 -0.0897588840368 -0 0.0 -0 10.0
0.014497570079 -0.278296872196 -0.0971697010698 0.0 0.0 -0 10.0
0.0108200315846 -0.0249824307657 -0.0486989036907 -0 -0 -0 10.0
-0.0169823277676 0.301530817574 0.142441895806 0.0 -0 0.0 10.0
-0.0272997762576 -0.0293710239771 0.0126505807136 -0 0.0 -0 10.0
-0.0876232150738 0.156469404687 0.119129786308 0.0 -0 -0 10.0
0.0724827040191 0.117664718858 -0.0403130544624 0.0 -0 0.0 10.0
-0.129550501572 -0.144277611516 0.0651756192164 -0 -0 -0 10.0
0.073893043164 -0.0226489187319 0.00109282483747 -0 -0 -0 10.0
0.149808803833 -0.0200222190684 0.0711304694925 0.0 0.0 0.0 10.0
0.0218483280751 -0.0124430897035 -0.10598775472 -0 -0 -0 10.0
-0.0918811108854 -0.130412961728 -0.153355146378 0.0 -0 0.0 10.0
0.0931253817922 0.035892677026 0.000753130108575 -0 0.0 0.0 10.0
0.0723145020139 -0.0504743754173 -0.0871276214427 -0 -0 0.0 10.0
0.010058652773 -0.0256372104103 0.155280432712 -0 0.0 0.0 10.0
0.0612361778332 -0.00865975807094 0.180804510077 -0 -0 -0 10.0
-0.134766686596 0.0957865672272 -0.0399103483272 0.0 -0 -0 10.0
-0.13552633527 0.123429226017 0.152572831966 0.0 -0 0.0 10.0
-0.00957039212917 0.164374747042 0.0378507366786 -0 -0 -0 10.0
-0.000958944781172 0.121447475011 0.0782212941245 -0 0.0 0.0 10.0
0.252397518449 0.135852918236 0.150870719164 0.0 -0 -0 10.0
-0.0807440846285 -0.0326317491678 0.0612193955314 -0 0.0 -0 10.0
-0.0974403650567 0.0326457560671 -0.083746674332 0.0 -0 0.0 10.0
-0.013084323869 -0.0738905589386 -0.0199506806286 0.0 0.0 -0 10.0
-0.0584693155564 0.0874906559098 0.055088681818 -0 0.0 -0 10.0
0.196248784638 -0.16434904229 0.0577673125035 -0 0.0 -0 10.0
0.0518105135795 -0.0587920445445 0.0171165235295 0.0 0.0 0.0 10.0
-0.280949443425 0.0624364482177 0.0757640955083 0.0 0.0 -0 10.0
-0.0330317894111 0.0739960112831 0.148996940818 0.0 0.0 -0 10.0
-0.0802902628904 0.0807904936274 -0.00515127340032 0.0 0.0 -0 10.0
-0.0442938663794 0.0433031948 0.0169923967735 0.0 0.0 -0 10.0
0.105681440032 -0.0436021418515 0.170754735613 0.0 -0 0.0 10.0
0.116495680258 -0.01634681238 -0.0807619737336 0.0 -0 0.0 10.0
-0.0297271232476 -0.00284843974098 -0.0289397626908 0.0 0.0 0.0 10.0
0.0197340093691 0.0391989975365 0.164928447006 0.0 0.0 -0 10.0
0.0855961282611 0.0372576637697 -0.0809208491466 -0 0.0 -0 10.0
-0.0620262604161 0.194812451448 0.104741083867 0.0 -0 -0 10.0
-0.269987681824 0.000633683404084 -0.128498038926 -0 0.0 0.0 10.0
-0.0787062942041 0.0814913999976 0.0727055877684 -0 -0 0.0 10.0
-0.0145771350904 0.0680199410215 -0.00772859046208 -0 0.0 0.0 10.0
0.0170431252042 -0.188006184274 0.00850910713522 -0 -0 0.0 10.0
0.00845142395052 -0.228337492988 -0.0726208754398 0.0 -0 0.0 10.0
-0.0188006153876 0.0154539763269 0.152390928605 0.0 0.0 0.0 10.0
-0.0511199409237 -0.0927826782808 -0.132046638897 0.0 0.0 -0 10.0
0.0250230341679 0.0373056952575 -0.150340008595 0.0 -0 -0 10.0
0.0282034387859 0.00793751428339 -0.118212120429 0.0 -0 0.0 10.0
-0.0656791133312 0.102783216617 0.0755833795269 -0 0.0 0.0 10.0
0.091518461036 -0.0080403539084 -0.205573784237 -0 -0 -0 10.0
0.0181202024483 0.14054248516 6.16089293391e-05 0.0 -0 0.0 10.0
0.0309497728556 0.0657103187726 -0.0298800998695 -0 -0 -0 10.0
-0.0884035856457 0.0523897636781 0.0473474963097 -0 0.0 -0 10.0
0.117948325401 0.0945365328203 0.0545589761402 0.0 -0 -0 10.0
0.273523740856 -0.185088556407 0.0477169095794 0.0 0.0 -0 10.0
0.0256751767871 -0.0175966551937 0.094759811292 0.0 -0 0.0 10.0
0.108382063651 -0.035151228745 0.112771156964 -0 -0 -0 10.0
-0.0614377206514 0.0280025743205 0.0646644381595 -0 0.0 -0 10.0
0.0897704648393 -0.13966155511 -0.18726666718 -0 -0 -0 10.0
0.0669547215915 -0.0133455123136 -0.0199533326675 -0 0.0 -0 10.0
0.00651143240451 0.143352292189 0.00725633181623 -0 -0 0.0 10.0
0.0251027151996 -0.0585939147415 0.137155747818 0.0 0.0 0.0 10.0
-0.208206041051 0.123920529655 -0.0840021914518 -0 -0 -0 10.0
0.0836825136185 -0.0497709433399 -0.00630632965077 -0 0.0 -0 10.0
0.00100752006907 -0.140268844316 -0.060017991444 -0 0.0 0.0 10.0
-0.14181158816 0.11049005285 -0.0561777754563 -0 -0 0.0 10.0
0.259778281182 0.0572757021612 0.0324797883177 0.0 -0 0.0 10.0
-0.0378683582573 -0.0130159792848 -0.0448350489758 0.0 -0 0.0 10.0
0.159523557602 -0.00517245866058 -0.0809564163572 -0 0.0 0.0 10.0
-0.0922609998811 -0.10231263121 -0.0766873366555 0.0 0.0 0.0 10.0
0.0194807751963 0.0697630710523 -0.134825611451 -0 0.0 -0 10.0
0.0822799780024 -0.155039272277 -0.135862321872 -0 0.0 -0 10.0
-0.13003758701 0.217535077681 0.224732502412 -0 0.0 -0 10.0
0.0834565046693 -0.199785763213 0.115693872833 -0 -0 -0 10.0
0.0622898341554 0.0106608956486 0.12923898121 0.0 0.0 -0 10.0
-0.145945717014 -0.0154209798111 -0.131629048659 0.0 -0 0.0 10.0
0.0851091059384 0.0690663284777 0.00754626719663 0.0 -0 0.0 10.0
-0.177811488921 -0.00690066257144 -0.0170661457581 -0 0.0 0.0 10.0
-0.0607673331314 -0.113448698806 -0.057194670568 0.0 -0 -0 10.0
0.0496586872102 0.0113627836357 -0.0546669053712 0.0 -0 0.0 10.0
-0.140713257037 0.0820682134426 -0.311770059655 0.0 -0 -0 10.0
0.137980704035 0.155207803214 0.00974473046817 0.0 0.0 -0 10.0
0.0468747077035 0.112928412697 0.0477134032552 0.0 -0 -0 10.0
-0.00404133173031 0.0182779306285 -0.163208863129 0.0 -0 0.0 10.0
-0.132101201161 0.096743533791 0.0806911402766 0.0 -0 0.0 10.0
0.0713016561737 -0.109291277107 -0.0641829120124 -0 0.0 0.0 10.0
-0.130557008649 -0.0775253737712 0.129196287576 0.0 -0 0.0 10.0
0.00846001042563 -0.173872340389 0.0403066278369 -0 -0 0.0 10.0
0.0714674542358 -0.135163461563 -0.000170478710726 -0 -0 0.0 10.0
0.0397119556592 0.0132276638296 -0.0461076567896 0.0 -0 -0 10.0
-0.0169619929929 0.0485344352184 0.146732528449 -0 0.0 0.0 10.0
-0.12381148059 0.157729921046 0.254267558034 0.0 0.0 0.0 10.0
0.0650868540247 0.0214519249503 0.130247975863 0.0 0.0 -0 10.0
0.201083492357 -0.00414892039712 0.128690656811 -0 -0 0.0 10.0
0.00532487986986 0.0495464755121 0.0957363765213 -0 0.0 -0 10.0
-0.0374852165574 0.192154285079 -0.196364907448 -0 0.0 0.0 10.0
-0.0472575680655 0.0459629422039 -0.00477120289845 0.0 0.0 -0 10.0
0.124747176384 0.119272622203 0.0670971988371 -0 -0 -0 10.0
-0.0919667635277 -0.0530537190123 0.119918445188 0.0 -0 0.0 10.0
-0.145073017627 0.091465417362 0.1735279744 -0 0.0 -0 10.0
-0.0306190096853 0.158973928964 -0.0645048838129 0.0 -0 -0 10.0
0.15953020473 0.0135920460544 0.00448019487726 0.0 0.0 -0 10.0
-0.131535624912 0.0564410201795 0.0184752655595 -0 -0 0.0 10.0
0.0149418507711 -0.0152856730441 0.0800041297499 -0 0.0 -0 10.0
0.0644783417277 -0.0388822551839 0.0856546382634 -0 0.0 0.0 10.0
-0.161685980155 -0.0904417127407 0.157237929714 -0 0.0 -0 10.0
-0.0822010784338 0.149882446991 0.0248622496257 0.0 -0 0.0 10.0
0.00801681957748 0.00513804054849 -0.123332982808 -0 0.0 0.0 10.0
0.00921732070833 -0.0885069833961 0.0009979900247 -0 -0 -0 10.0
0.144234080707 -0.0518776746771 0.0446876048946 0.0 0.0 0.0 10.0
0.127971397032 -0.000708714015884 -0.0279063146911 -0 0.0 -0 10.0
0.041286345931 0.0702543659341 -0.0843526394723 0.0 0.0 0.0 10.0
-0.0606088842608 0.0842366145931 0.0607686644954 0.0 -0 0.0 10.0
-0.155002224787 0.126044026676 0.0637230087111 -0 0.0 0.0 10.0
0.0519740058282 0.130453961582 0.127011600982 -0 -0 -0 10.0
-0.00265780209196 0.148180449009 -0.0735230051675 0.0 -0 0.0 10.0
-0.129499888101 0.0165912680153 0.0799606854355 -0 0.0 -0 10.0
-0.0255963688401 0.103446587603 -0.0153112969631 -0 -0 -0 10.0
-0.00624365315103 0.132484097241 0.04220529933 0.0 0.0 0.0 10.0
-0.180307667728 0.0857783002526 0.0587164475718 0.0 0.0 -0 10.0
-0.121458137815 -0.0825107025744 -0.0291213721653 -0 -0 -0 10.0
0.120943506393 0.000470527725149 -0.00714982937067 -0 -0 0.0 10.0
-0.114003860439 -0.0835882935577 -0.0339922806728 -0 -0 0.0 10.0
0.0636097238784 0.163240458937 -0.22031101147 -0 -0 0.0 10.0
0.0349032288805 0.139595892683 0.0259705105089 0.0 -0 0.0 10.0
-0.0431013210075 0.00599217558914 0.0820771202987 -0 -0 -0 10.0
0.0767711831686 -0.0403017680676 -0.0415773203056 0.0 -0 0.0 10.0
0.0268283496194 0.015399007175 -0.181889560844 -0 -0 0.0 10.0
-0.00250367009799 0.0334406632973 -0.124930094364 -0 -0 -0 10.0
0.0662398825558 -0.0855376025952 -0.0395571030794 0.0 -0 -0 10.0
-0.165131371825 0.164420421757 -0.0349576745291 0.0 0.0 -0 10.0
-0.0943485306795 0.00795587977278 0.0639301618258 -0 0.0 0.0 10.0
0.170786258622 0.0190173382656 0.0340070716788 -0 0.0 0.0 10.0
0.0907151625521 0.0237297957247 -0.0372730598054 0.0 -0 -0 10.0
-0.0292928678499 0.0252145901933 -0.0944011402568 0.0 0.0 -0 10.0
-0.062425441664 0.152638093605 -0.0922342052372 0.0 -0 -0 10.0
-0.100809464567 0.0131246819937 0.00906277691941 0.0 0.0 -0 10.0
0.0952612620898 -0.124687016766 0.055827183899 0.0 -0 0.0 10.0
0.171802196153 -0.0200915300653 -0.0538246387603 -0 0.0 -0 10.0
-0.0346646477756 -0.105808910693 -0.0506242693043 -0 0.0 -0 10.0
0.00107032958298 0.0783831184061 0.00270655232793 0.0 -0 -0 10.0
0.135216259729 -0.176067677348 -0.0121519172896 -0 0.0 0.0 10.0
-0.103965678858 0.0318278743727 -0.10417315962 -0 -0 -0 10.0
-0.0597540469994 -0.155459690484 0.0889552941598 0.0 0.0 0.0 10.0
0.0922291576366 0.0426808734532 0.0724651723275 -0 0.0 0.0 10.0
0.134164724908 -0.0196447541051 -0.0904982882139 -0 -0 0.0 10.0
0.129690237816 0.1905705543 -0.144622482221 0.0 -0 0.0 10.0
0.0801254930613 -0.0577669106949 -0.00432264048971 -0 -0 0.0 10.0
0.174375801638 -0.0355341633111 0.0388443605043 -0 0.0 -0 10.0
0.0167436655442 -0.0264725120013 -0.0427401232042 0.0 -0 0.0 10.0
-0.121315713182 0.0171055765889 -0.122461515383 0.0 -0 0.0 10.0
0.139910079156 0.0182577019695 -0.0785838461395 -0 -0 -0 10.0
-0.147316990896 0.0790747884531 0.0835406679749 -0 0.0 0.0 10.0
-0.163094719949 0.0732789834376 -0.162766920277 0.0 -0 0.0 10.0
0.109082240526 -0.0763451885094 0.0283390471414 -0 -0 0.0 10.0
0.124190539644 0.0283637989084 0.0753567343865 0.0 -0 0.0 10.0
-0.0701356574094 -0.0908164855164 0.013869261928 -0 -0 -0 10.0
0.116899755906 0.0886182750897 0.104495307767 0.0 -0 -0 10.0
0.149500315855 -0.102624823218 0.0500074851091 -0 0.0 -0 10.0
0.00302508931837 -0.045122040619 -0.0152029764731 0.0 0.0 -0 10.0
0.104748522275 0.130450376012 -0.0637805314491 -0 -0 -0 10.0
0.0793190657955 -0.0362601281195 0.101497173624 -0 -0 0.0 10.0
-0.103647653937 0.14959660763 -0.105674415005 0.0 -0 -0 10.0
0.137915838066 -0.215002437049 -0.182283907007 -0 -0 0.0 10.0
0.0391965416043 -0.0187503550687 -0.0194741357153 -0 0.0 -0 10.0
-0.00789839391409 0.182591062745 -0.129554627929 -0 0.0 0.0 10.0
-0.0780768974889 -0.0932456897633 0.0459890350063 0.0 0.0 0.0 10.0
-0.00873414296711 0.0353003093892 -0.0676183607293 0.0 -0 -0 10.0
0.0209049634192 0.00704509041297 -0.0370336978832 -0 -0 0.0 10.0
0.0860506392508 -0.0400294674902 0.0180458134707 0.0 -0 -0 10.0
0.0341396982124 -0.105648048182 -0.0346506532045 -0 -0 0.0 10.0
0.188102599412 0.0236287486449 -0.0549996254408 -0 -0 -0 10.0
-0.0738408885956 0.0176678886888 -0.0684109588622 0.0 0.0 0.0 10.0
0.134934486683 0.0452656775932 -0.071634532562 -0 0.0 -0 10.0
-0.10811026887 -0.0112203641922 -0.0324300852633 0.0 -0 0.0 10.0
-0.0118120072989 0.00213409876489 0.163793165935 0.0 0.0 -0 10.0
-0.109439121807 -0.0527859545832 0.128739333 -0 0.0 0.0 10.0
-0.0915112632951 0.0241608575642 -0.0661162754271 -0 0.0 0.0 10.0
0.0405140199437 -0.0978595430901 0.0416995544352 0.0 -0 0.0 10.0
-0.173229460789 0.00256418216905 0.0745830934904 -0 0.0 -0 10.0
-0.0560771074433 -0.00116715002347 0.0597024584559 -0 -0 0.0 10.0
-0.00275051459521 0.031474230551 -0.281236858006 -0 0.0 -0 10.0
0.118486390716 -0.0602312175576 0.189075158712 -0 -0 0.0 10.0
-0.0634429451307 0.0292980288781 0.0752213021216 0.0 0.0 0.0 10.0
-0.0422921508824 0.073692026141 0.0546509909973 0.0 -0 0.0 10.0
0.152977613849 0.217780213024 0.00299658251833 0.0 -0 -0 10.0
-0.16385476963 -0.0300106113696 0.00538153223719 -0 0.0 0.0 10.0
-0.0693208081975 -0.0299802401563 0.0516376283488 -0 -0 0.0 10.0
-0.142031543765 -0.0950662880296 -0.0105016568447 0.0 0.0 0.0 10.0
-0.0496123860106 0.0790656916177 0.0771882826335 -0 -0 -0 10.0
-0.0481866457032 -0.183337591143 -0.132056077294 -0 -0 0.0 10.0
-0.0300991738128 -0.175417762807 0.124229480909 -0 0.0 0.0 10.0
-0.0693317376007 -0.113029255141 -0.0313679080705 0.0 -0 0.0 10.0
0.214024988695 0.036462927513 0.100926192341 -0 -0 -0 10.0
-0.115027475969 0.0408864856184 0.0395077289967 -0 -0 0.0 10.0
-0.0913984334139 -0.0057119773325 0.144203857739 -0 0.0 -0 10.0
0.123121670391 -0.151300403642 -0.00796328870162 0.0 -0 0.0 10.0
0.00809205661011 -0.133328666315 -0.101370498137 0.0 0.0 0.0 10.0
0.0662505220069 -0.082705488991 0.00915205261438 -0 -0 0.0 10.0
0.0339205323022 -0.122530561034 0.0427324414823 0.0 -0 0.0 10.0
0.191000532991 -0.0698969890251 0.100333857917 -0 0.0 0.0 10.0
0.0451281778946 0.0651978651317 0.177094555434 -0 -0 -0 10.0
-0.0908294731566 -0.137741217721 0.105272378948 -0 0.0 -0 10.0
-0.14402765619 0.270052503023 0.151199546524 -0 0.0 -0 10.0
-0.00612262364167 0.164856997502 -0.12615784856 0.0 0.0 0.0 10.0
-0.186163033529 0.0628035935249 -0.0231060223791 0.0 -0 -0 10.0
-0.0470597098991 0.21391656792 0.0938735014832 0.0 0.0 0.0 10.0
-0.0124930769375 0.150451940449 0.080830430305 -0 0.0 -0 10.0
-0.0645319933702 -0.113832045553 0.199481278614 0.0 0.0 0.0 10.0
0.00683228990815 0.0785662565652 0.103612479764 0.0 -0 0.0 10.0
-0.0732948055093 -0.0410531855262 0.0335623969951 -0 0.0 0.0 10.0
-0.0535702166429 -0.130914796169 -0.142811950048 -0 0.0 0.0 10.0
0.0112974994167 0.133109807531 -0.0366121649209 0.0 -0 0.0 10.0
0.110778116123 0.0158377175987 -0.201955148753 0.0 -0 -0 10.0
0.0244131239404 -0.0615093445371 0.0417550724467 0.0 0.0 -0 10.0
0.0455710678132 0.0974408615605 -0.061106103659 -0 -0 -0 10.0
-0.122063286316 -0.0104305515495 0.0269548512821 0.0 0.0 0.0 10.0
0.046903135826 0.0761795864568 0.133295725977 -0 -0 -0 10.0
0.106518537337 -0.0161773961749 -0.06683098956 0.0 0.0 0.0 10.0
-0.0748677674781 0.125257099298 -0.0623942051256 -0 -0 0.0 10.0
-0.103341921334 0.175868916372 -0.0249753637151 0.0 0.0 0.0 10.0
0.113283156586 -0.0948703723749 0.0155134933003 0.0 0.0 -0 10.0
0.110446330929 -0.0852751805263 0.0367372084819 -0 -0 0.0 10.0
-0.00166536567998 0.081565675617 0.0712129010531 0.0 0.0 -0 10.0
0.0412595384958 -0.0560730900404 -0.0246949514251 -0 0.0 -0 10.0
-0.129539889655 0.117045285993 0.118840219438 -0 0.0 0.0 10.0
0.197996654785 0.0709718948974 0.0625326807557 -0 -0 0.0 10.0
0.0202616149378 -0.0104673088627 -0.0303895794707 -0 0.0 0.0 10.0
-0.0705824625709 -0.157619716877 0.000588866093384 -0 0.0 0.0 10.0
0.0321200994733 -0.0805974683308 0.0172701406037 -0 0.0 0.0 10.0
0.0818017907769 0.150165337892 -0.175405201318 -0 0.0 0.0 10.0
-0.17447521122 0.0843796072467 -0.018177288154 0.0 0.0 -0 10.0
-0.142754114475 0.0277110492646 0.0101481996972 0.0 -0 0.0 10.0
0.042737430968 -0.0677435353204 0.182595308594 0.0 0.0 0.0 10.0
-0.0886232450287 0.0502852705383 0.0274285393527 -0 0.0 0.0 10.0
